6,10,3.0,845553253
8,10,2.0,839463509
11,10,3.0,902154316
19,10,2.0,965709556
21,10,5.0,1403459783
26,10,3.0,836950403
31,10,4.0,850467366
34,10,5.0,1162048773
42,10,5.0,996215205
43,10,4.0,848993747
46,10,3.0,834787826
56,10,4.0,835799162
57,10,3.0,965798286
59,10,3.0,953609378
63,10,3.0,1443201199
68,10,4.5,1158531612
81,10,1.0,845299756
82,10,3.5,1084467796
84,10,3.0,860397812
91,10,3.5,1112713269
93,10,4.0,942946208
94,10,3.0,843406732
99,10,4.0,829827514
104,10,3.0,1048595683
117,10,3.0,844162850
119,10,4.0,1435943180
136,10,5.0,832449222
144,10,3.0,1137323629
160,10,1.0,971196422
166,10,4.5,1190827465
170,10,3.0,840472869
173,10,3.0,843397944
174,10,3.0,848486985
176,10,5.0,840108984
178,10,4.0,1164355337
181,10,2.0,845469438
182,10,3.5,1054782216
186,10,4.0,1031088020
192,10,5.0,835128874
195,10,4.0,974705349
200,10,4.5,1229887453
202,10,4.0,974919042
208,10,2.0,940639452
217,10,4.0,955940584
219,10,4.5,1194932162
220,10,4.0,1230055828
226,10,4.0,1095662675
229,10,4.0,836941790
232,10,3.0,1218167397
235,10,2.0,841422389
240,10,3.0,849122194
243,10,5.0,837155138
244,10,5.0,975091789
248,10,3.5,1534591944
262,10,2.0,840305646
274,10,4.0,1171428459
282,10,3.5,1378497072
284,10,4.0,832699451
288,10,3.0,978465794
292,10,3.5,1219625069
294,10,3.0,966634030
301,10,4.0,1211378532
304,10,4.0,891173528
307,10,2.5,1186161010
313,10,4.0,1030556439
314,10,3.0,834241870
322,10,4.0,1217676313
331,10,3.0,1537157573
334,10,3.5,1234629982
340,10,4.0,848666415
347,10,4.0,847645690
349,10,4.0,834750699
353,10,3.0,831939669
354,10,3.5,1200870391
361,10,3.5,1204045505
368,10,3.0,971276726
372,10,3.0,874416808
376,10,4.5,1364994181
380,10,5.0,1493419787
385,10,3.0,834691622
386,10,3.0,842610246
387,10,3.5,1094938515
391,10,3.0,1030944309
395,10,3.0,841503555
408,10,4.5,1467913128
411,10,3.0,835532065
414,10,3.0,961515863
419,10,3.5,1321659128
425,10,3.0,1085477406
434,10,3.5,1270606683
438,10,4.0,1105664201
441,10,4.5,1449070452
446,10,3.0,843839232
447,10,3.0,836960825
448,10,4.0,1019124400
452,10,4.0,1013395144
453,10,2.0,972621985
458,10,4.0,845651737
462,10,3.0,1269929071
469,10,2.0,965334356
470,10,3.0,849075144
476,10,3.0,835021420
480,10,4.0,1179177922
483,10,2.0,1178293444
485,10,4.0,837943350
486,10,4.0,839537237
489,10,2.5,1333101410
498,10,3.0,839197307
501,10,4.0,844973340
517,10,0.5,1487957717
520,10,4.0,1326609139
522,10,4.5,1253344761
524,10,4.0,851608818
531,10,4.0,1032961647
534,10,4.0,1459787996
541,10,4.0,835642985
557,10,4.5,1452797765
559,10,3.0,845475880
566,10,3.0,849005345
569,10,4.0,849190709
570,10,3.5,1181477300
573,10,4.5,1186722464
580,10,3.5,1167792602
584,10,5.0,834987172
588,10,3.0,839316215
590,10,3.5,1258420600
592,10,3.0,837349966
597,10,3.0,941729264
599,10,3.5,1498500281
602,10,3.0,840875622
608,10,4.0,1117408486
609,10,4.0,847220937
