414,2698
599,2478
474,2108
448,1864
274,1346
610,1302
68,1260
380,1218
606,1115
288,1055
249,1046
387,1027
182,977
307,975
603,943
298,939
177,904
318,879
232,862
480,836
608,831
600,763
590,728
483,728
105,722
19,703
305,677
489,648
111,646
438,635
217,613
140,608
477,600
555,578
91,575
28,570
219,528
534,520
89,518
64,517
226,507
561,505
18,502
525,500
57,476
381,474
368,469
509,467
469,465
560,458
462,455
292,446
597,443
21,443
42,440
160,437
294,437
580,436
596,411
202,403
275,403
517,400
45,399
156,398
514,397
391,386
567,385
357,383
103,377
339,371
62,366
199,363
125,360
51,359
132,347
66,345
313,340
200,334
221,331
6,314
453,311
50,310
425,306
428,300
573,299
352,294
84,293
122,292
382,291
356,289
135,279
239,279
365,277
484,275
104,273
63,271
325,270
169,269
290,267
332,267
495,265
432,260
187,258
328,255
222,250
212,248
330,247
20,242
282,237
372,236
434,233
1,232
594,232
562,231
198,230
82,227
186,226
354,226
312,223
605,221
41,217
304,216
4,216
119,215
563,213
263,210
73,210
586,208
220,207
246,204
452,202
234,202
385,201
522,200
280,196
139,194
570,191
166,190
317,189
552,188
195,187
607,187
520,186
367,185
479,181
266,180
153,179
74,177
279,176
256,174
167,173
95,168
141,168
331,168
80,167
527,167
410,167
587,165
117,165
346,164
216,164
265,163
577,161
564,157
33,156
419,155
572,155
475,155
334,154
260,152
7,152
287,152
326,152
233,150
113,150
247,150
100,148
420,141
351,141
408,141
137,141
129,140
47,140
559,140
10,140
230,139
424,138
210,138
464,138
15,135
27,135
602,135
184,134
376,133
524,131
377,131
52,130
268,129
369,129
144,128
314,128
482,128
240,128
254,127
411,127
109,127
409,126
551,123
393,123
437,122
492,121
23,121
405,120
22,119
76,119
181,118
83,118
465,115
308,115
301,114
43,114
490,113
542,113
466,113
115,112
571,112
58,112
306,112
488,111
136,111
24,110
201,110
362,109
510,108
322,107
59,107
436,106
286,106
17,105
593,103
40,103
309,103
32,102
412,102
601,101
39,100
604,100
373,100
323,98
215,98
16,98
361,97
93,97
159,97
503,95
227,94
592,94
168,94
415,94
370,93
244,93
418,93
422,93
98,92
353,90
211,89
554,89
284,88
426,88
541,87
504,87
116,87
500,86
34,86
191,85
427,84
446,84
213,84
204,83
553,83
584,83
171,82
460,82
29,81
390,81
470,80
447,78
96,78
38,78
445,77
337,77
178,77
108,76
543,76
241,76
225,75
523,75
223,75
566,74
359,74
528,73
579,73
401,72
297,72
143,71
86,70
384,70
344,69
75,69
131,69
179,69
476,69
386,68
417,67
174,67
342,66
190,66
112,65
235,65
229,65
165,65
79,64
491,64
310,64
11,64
546,64
152,63
70,62
345,62
395,61
101,61
585,61
493,61
78,61
36,60
404,60
458,59
151,59
343,59
429,58
430,58
121,58
526,58
149,58
455,57
267,57
183,57
262,57
583,56
321,56
88,56
336,56
94,56
264,56
102,56
413,56
588,56
558,56
123,56
582,56
486,56
487,56
273,55
348,55
90,54
591,54
224,54
261,53
303,53
316,53
99,53
341,52
511,52
248,51
416,51
110,51
450,51
497,51
512,50
31,50
124,50
457,50
532,50
170,50
237,50
148,48
327,48
378,48
402,48
44,48
188,48
14,48
253,47
537,47
8,47
185,47
398,46
69,46
155,46
56,46
9,46
501,45
72,45
454,45
203,45
347,45
441,45
5,44
238,44
255,44
456,43
271,43
400,43
444,42
540,42
435,42
506,42
46,42
295,41
371,41
276,41
358,41
581,40
270,40
536,40
521,40
589,40
350,40
161,39
61,39
338,39
3,39
142,38
533,38
539,38
252,38
162,38
449,38
126,38
538,37
443,37
473,37
421,37
609,37
349,37
67,36
379,36
575,36
97,36
176,36
285,36
399,36
243,36
164,36
498,35
502,35
319,35
283,35
242,35
209,35
197,35
193,35
134,35
133,35
71,35
154,34
389,34
403,34
383,34
451,34
85,34
30,34
107,34
65,34
463,33
375,33
374,33
48,33
315,33
106,33
128,33
468,33
440,33
54,33
302,32
556,32
12,32
300,32
146,32
196,32
513,32
366,31
481,31
13,31
114,31
505,31
272,31
291,31
535,30
236,30
363,30
565,29
259,29
269,29
2,29
472,29
77,29
496,29
388,29
130,28
311,28
550,28
340,28
277,28
335,28
471,28
396,28
557,27
250,27
578,27
205,27
499,27
530,27
461,27
296,27
515,26
218,26
150,26
158,26
519,26
25,26
81,26
548,26
355,26
172,26
516,26
459,26
208,26
55,25
360,25
173,25
392,25
529,25
258,25
228,25
206,25
333,25
175,24
92,24
508,24
231,24
180,24
518,24
289,24
145,23
163,23
545,23
251,23
299,23
329,23
568,23
574,23
394,23
397,23
35,23
423,23
485,23
120,22
192,22
127,22
478,22
138,22
407,22
494,22
60,22
531,22
467,22
433,22
214,22
544,22
118,22
157,21
281,21
547,21
293,21
87,21
26,21
324,21
37,21
507,21
439,21
49,21
598,21
364,21
245,21
549,21
257,20
576,20
595,20
406,20
147,20
431,20
278,20
442,20
207,20
194,20
189,20
320,20
53,20
569,20
